55.944425,-3.188396,SW,55.944212867965646,-3.188608132034356,17.967178,307.61383
55.944212867965646,-3.188608132034356,W,55.944212867965646,-3.188908132034356,89.707924,397.23413
55.944212867965646,-3.188908132034356,ESE,55.944098062935936,-3.1886309681746026,89.707924,395.98413
55.944098062935936,-3.1886309681746026,N,55.94439806293594,-3.1886309681746026,89.707924,394.73413
55.94439806293594,-3.1886309681746026,ENE,55.94451286796565,-3.188353804314849,89.707924,393.48413
55.94451286796565,-3.188353804314849,E,55.94451286796565,-3.188053804314849,191.10309,449.4362
55.94451286796565,-3.188053804314849,NE,55.944725000000005,-3.187841672280493,191.10309,448.1862
55.944725000000005,-3.187841672280493,SSW,55.94444783614025,-3.1879564773102027,191.10309,446.9362
55.94444783614025,-3.1879564773102027,W,55.94444783614025,-3.188256477310203,191.10309,445.6862
55.94444783614025,-3.188256477310203,E,55.94444783614025,-3.1879564773102027,191.10309,444.4362
55.94444783614025,-3.1879564773102027,NW,55.944659968174605,-3.1881686093445585,191.10309,443.1862
55.944659968174605,-3.1881686093445585,WNW,55.944774773204315,-3.188445773204312,191.10309,441.9362
55.944774773204315,-3.188445773204312,WSW,55.944659968174605,-3.1887229370640653,191.10309,440.6862
55.944659968174605,-3.1887229370640653,NNE,55.94493713203436,-3.188608132034356,191.10309,439.4362
55.94493713203436,-3.188608132034356,N,55.945237132034364,-3.188608132034356,237.36029,484.22333
55.945237132034364,-3.188608132034356,W,55.945237132034364,-3.188908132034356,237.36029,482.97333
55.945237132034364,-3.188908132034356,ENE,55.945351937064075,-3.1886309681746026,237.36029,481.72333
55.945351937064075,-3.1886309681746026,NNE,55.94562910092383,-3.188516163144893,300.46362,506.89517
55.94562910092383,-3.188516163144893,ENE,55.94574390595354,-3.1882389992851397,408.58905,579.36816
55.94574390595354,-3.1882389992851397,WNW,55.94585871098325,-3.188516163144893,408.58905,578.11816
55.94585871098325,-3.188516163144893,N,55.946158710983255,-3.188516163144893,429.797,684.5959
55.946158710983255,-3.188516163144893,WSW,55.946043905953545,-3.1887933270046465,429.797,683.3459
55.946043905953545,-3.1887933270046465,W,55.946043905953545,-3.1890933270046466,429.797,682.0959
55.946043905953545,-3.1890933270046466,E,55.946043905953545,-3.1887933270046465,429.797,680.8459
55.946043905953545,-3.1887933270046465,ESE,55.945929100923834,-3.188516163144893,429.797,679.5959
55.945929100923834,-3.188516163144893,SSW,55.94565193706408,-3.1886309681746026,429.797,678.3459
55.94565193706408,-3.1886309681746026,W,55.94565193706408,-3.1889309681746028,429.797,677.0959
55.94565193706408,-3.1889309681746028,WNW,55.94576674209379,-3.189208132034356,429.797,675.8459
55.94576674209379,-3.189208132034356,WNW,55.9458815471235,-3.1894852958941096,429.797,674.5959
55.9458815471235,-3.1894852958941096,WNW,55.94599635215321,-3.189762459753863,429.797,673.3459
55.94599635215321,-3.189762459753863,E,55.94599635215321,-3.1894624597538628,429.797,672.0959
55.94599635215321,-3.1894624597538628,ESE,55.9458815471235,-3.1891852958941094,429.797,670.8459
55.9458815471235,-3.1891852958941094,SE,55.94566941508914,-3.1889731638597536,429.797,669.5959
55.94566941508914,-3.1889731638597536,NNE,55.9459465789489,-3.188858358830044,429.797,668.3459
55.9459465789489,-3.188858358830044,SE,55.94573444691454,-3.1886462267956883,429.797,667.0959
55.94573444691454,-3.1886462267956883,NW,55.9459465789489,-3.188858358830044,429.797,665.8459
55.9459465789489,-3.188858358830044,WNW,55.94606138397861,-3.1891355226897975,429.797,664.5959
55.94606138397861,-3.1891355226897975,SW,55.94584925194425,-3.1893476547241533,429.797,663.3459
55.94584925194425,-3.1893476547241533,NW,55.94606138397861,-3.189559786758509,429.797,662.0959
55.94606138397861,-3.189559786758509,SE,55.94584925194425,-3.1893476547241533,429.797,660.8459
55.94584925194425,-3.1893476547241533,WNW,55.94596405697396,-3.1896248185839067,429.797,659.5959
55.94596405697396,-3.1896248185839067,NW,55.94617618900832,-3.1898369506182624,429.797,658.3459
55.94617618900832,-3.1898369506182624,SSE,55.94589902514856,-3.189722145588553,429.797,657.0959
55.94589902514856,-3.189722145588553,SSE,55.94562186128881,-3.1896073405588434,429.797,655.8459
55.94562186128881,-3.1896073405588434,SW,55.94540972925445,-3.189819472593199,547.438,704.7426
55.94540972925445,-3.189819472593199,ENE,55.94552453428416,-3.189542308733446,547.438,703.4926
55.94552453428416,-3.189542308733446,WSW,55.94540972925445,-3.189819472593199,547.438,702.2426
55.94540972925445,-3.189819472593199,WSW,55.94529492422474,-3.1900966364529526,547.438,700.9926
55.94529492422474,-3.1900966364529526,WNW,55.94540972925445,-3.190373800312706,656.70685,717.16583
55.94540972925445,-3.190373800312706,WNW,55.94552453428416,-3.1906509641724594,755.2835,804.8488
55.94552453428416,-3.1906509641724594,NW,55.94573666631852,-3.190863096206815,806.5355,923.58167
55.94573666631852,-3.190863096206815,NE,55.94594879835287,-3.1906509641724594,806.5355,922.33167
55.94594879835287,-3.1906509641724594,E,55.94594879835287,-3.1903509641724592,806.5355,921.08167
55.94594879835287,-3.1903509641724592,NW,55.94616093038723,-3.190563096206815,806.5355,919.83167
55.94616093038723,-3.190563096206815,ESE,55.94604612535752,-3.1902859323470616,806.5355,918.58167
55.94604612535752,-3.1902859323470616,WNW,55.94616093038723,-3.190563096206815,806.5355,917.33167
55.94616093038723,-3.190563096206815,E,55.94616093038723,-3.190263096206815,806.5355,916.08167
55.94616093038723,-3.190263096206815,E,55.94616093038723,-3.1899630962068146,806.5355,914.83167
55.94616093038723,-3.1899630962068146,E,55.94616093038723,-3.1896630962068144,806.5355,913.58167
55.94616093038723,-3.1896630962068144,SSW,55.94588376652747,-3.189777901236524,806.5355,912.33167
55.94588376652747,-3.189777901236524,WNW,55.94599857155718,-3.1900550650962773,806.5355,911.08167
55.94599857155718,-3.1900550650962773,ESE,55.94588376652747,-3.189777901236524,806.5355,909.83167
55.94588376652747,-3.189777901236524,NW,55.94609589856183,-3.1899900332708797,806.5355,908.58167
55.94609589856183,-3.1899900332708797,ESE,55.94598109353212,-3.1897128694111263,806.5355,907.33167
55.94598109353212,-3.1897128694111263,ESE,55.94586628850241,-3.189435705551373,806.5355,906.08167
55.94586628850241,-3.189435705551373,E,55.94586628850241,-3.1891357055513727,806.5355,904.83167
55.94586628850241,-3.1891357055513727,WSW,55.9457514834727,-3.189412869411126,806.5355,903.58167
55.9457514834727,-3.189412869411126,WNW,55.94586628850241,-3.1896900332708795,806.5355,902.33167
55.94586628850241,-3.1896900332708795,NNW,55.946143452362165,-3.189804838300589,806.5355,901.08167
55.946143452362165,-3.189804838300589,S,55.94584345236216,-3.189804838300589,806.5355,899.83167
55.94584345236216,-3.189804838300589,SW,55.945631320327806,-3.190016970334945,806.5355,898.58167
55.945631320327806,-3.190016970334945,S,55.9453313203278,-3.190016970334945,806.5355,897.33167
55.9453313203278,-3.190016970334945,NNW,55.94560848418756,-3.1901317753646543,806.5355,896.08167
55.94560848418756,-3.1901317753646543,ENE,55.94572328921727,-3.189854611504901,806.5355,894.83167
55.94572328921727,-3.189854611504901,SSE,55.94544612535751,-3.1897398064751914,806.5355,893.58167
55.94544612535751,-3.1897398064751914,E,55.94544612535751,-3.189439806475191,806.5355,892.33167
55.94544612535751,-3.189439806475191,W,55.94544612535751,-3.1897398064751914,806.5355,891.08167
55.94544612535751,-3.1897398064751914,NE,55.94565825739187,-3.1895276744408356,806.5355,889.83167
55.94565825739187,-3.1895276744408356,NNE,55.945935421251626,-3.189412869411126,806.5355,888.58167
55.945935421251626,-3.189412869411126,NNE,55.94621258511138,-3.1892980643814166,806.5355,887.33167
55.94621258511138,-3.1892980643814166,W,55.94621258511138,-3.189598064381417,806.5355,886.08167
55.94621258511138,-3.189598064381417,W,55.94621258511138,-3.189898064381417,806.5355,884.83167
55.94621258511138,-3.189898064381417,SW,55.946000453077026,-3.1901101964157728,806.5355,883.58167
55.946000453077026,-3.1901101964157728,ESE,55.945885648047316,-3.1898330325560194,806.5355,882.33167
55.945885648047316,-3.1898330325560194,SSE,55.94560848418756,-3.18971822752631,806.5355,881.08167
55.94560848418756,-3.18971822752631,SSW,55.9453313203278,-3.1898330325560194,806.5355,879.83167
55.9453313203278,-3.1898330325560194,E,55.9453313203278,-3.189533032556019,806.5355,878.58167
55.9453313203278,-3.189533032556019,NW,55.94554345236216,-3.189745164590375,806.5355,877.33167
55.94554345236216,-3.189745164590375,NNW,55.945820616221916,-3.1898599696200844,806.5355,876.08167
55.945820616221916,-3.1898599696200844,SSW,55.94554345236216,-3.189974774649794,806.5355,874.83167
55.94554345236216,-3.189974774649794,SE,55.9453313203278,-3.189762642615438,806.5355,873.58167
55.9453313203278,-3.189762642615438,WSW,55.94521651529809,-3.1900398064751916,806.5355,872.33167
55.94521651529809,-3.1900398064751916,WSW,55.94510171026838,-3.190316970334945,806.5355,871.08167
55.94510171026838,-3.190316970334945,E,55.94510171026838,-3.190016970334945,806.5355,869.83167
55.94510171026838,-3.190016970334945,NW,55.94531384230274,-3.1902291023693006,806.5355,868.58167
55.94531384230274,-3.1902291023693006,W,55.94531384230274,-3.1905291023693008,806.5355,867.33167
55.94531384230274,-3.1905291023693008,E,55.94531384230274,-3.1902291023693006,806.5355,866.08167
55.94531384230274,-3.1902291023693006,SE,55.94510171026838,-3.190016970334945,806.5355,864.83167
55.94510171026838,-3.190016970334945,N,55.945401710268385,-3.190016970334945,806.5355,863.58167
55.945401710268385,-3.190016970334945,SSW,55.94512454640863,-3.1901317753646543,806.5355,862.33167
55.94512454640863,-3.1901317753646543,SSW,55.94484738254887,-3.190246580394364,806.5355,861.08167
55.94484738254887,-3.190246580394364,NNE,55.94512454640863,-3.1901317753646543,806.5355,859.83167
55.94512454640863,-3.1901317753646543,W,55.94512454640863,-3.1904317753646545,806.5355,858.58167
55.94512454640863,-3.1904317753646545,ENE,55.94523935143834,-3.190154611504901,806.5355,857.33167
55.94523935143834,-3.190154611504901,NW,55.945451483472695,-3.190366743539257,806.5355,856.08167
55.945451483472695,-3.190366743539257,ESE,55.945336678442985,-3.1900895796795035,806.5355,854.83167
55.945336678442985,-3.1900895796795035,NNE,55.94561384230274,-3.189974774649794,806.5355,853.58167
55.94561384230274,-3.189974774649794,S,55.94531384230274,-3.189974774649794,806.5355,852.33167
55.94531384230274,-3.189974774649794,WNW,55.94542864733245,-3.1902519385095474,806.5355,851.08167
55.94542864733245,-3.1902519385095474,WSW,55.94531384230274,-3.1905291023693008,806.5355,849.83167
55.94531384230274,-3.1905291023693008,SSW,55.94503667844298,-3.1906439073990103,806.5355,848.58167
55.94503667844298,-3.1906439073990103,NNE,55.94531384230274,-3.1905291023693008,806.5355,847.33167
55.94531384230274,-3.1905291023693008,SE,55.94510171026838,-3.190316970334945,806.5355,846.08167
55.94510171026838,-3.190316970334945,SSE,55.944824546408626,-3.1902021653052355,806.5355,844.83167
55.944824546408626,-3.1902021653052355,WNW,55.944939351438336,-3.190479329164989,806.5355,843.58167
55.944939351438336,-3.190479329164989,ENE,55.945054156468046,-3.1902021653052355,806.5355,842.33167
55.945054156468046,-3.1902021653052355,ENE,55.94516896149776,-3.189925001445482,806.5355,841.08167
55.94516896149776,-3.189925001445482,N,55.94546896149776,-3.189925001445482,806.5355,839.83167
55.94546896149776,-3.189925001445482,SE,55.9452568294634,-3.1897128694111263,806.5355,838.58167
55.9452568294634,-3.1897128694111263,SE,55.94504469742905,-3.1895007373767705,806.5355,837.33167
55.94504469742905,-3.1895007373767705,N,55.94534469742905,-3.1895007373767705,806.5355,836.08167
55.94534469742905,-3.1895007373767705,E,55.94534469742905,-3.1892007373767703,806.5355,834.83167
55.94534469742905,-3.1892007373767703,SSE,55.94506753356929,-3.189085932347061,806.5355,833.58167
55.94506753356929,-3.189085932347061,SSW,55.94479036970954,-3.1892007373767703,806.5355,832.33167
55.94479036970954,-3.1892007373767703,NE,55.94500250174389,-3.1889886053424146,806.5355,831.08167
55.94500250174389,-3.1889886053424146,SW,55.94479036970954,-3.1892007373767703,806.5355,829.83167
55.94479036970954,-3.1892007373767703,NNW,55.94506753356929,-3.18931554240648,806.5355,828.58167
55.94506753356929,-3.18931554240648,NNE,55.94534469742905,-3.1892007373767703,806.5355,827.33167
55.94534469742905,-3.1892007373767703,N,55.94564469742905,-3.1892007373767703,806.5355,826.08167
55.94564469742905,-3.1892007373767703,S,55.94534469742905,-3.1892007373767703,806.5355,824.83167
55.94534469742905,-3.1892007373767703,SSE,55.94506753356929,-3.189085932347061,806.5355,823.58167
55.94506753356929,-3.189085932347061,SSE,55.94479036970954,-3.1889711273173513,806.5355,822.33167
55.94479036970954,-3.1889711273173513,E,55.94479036970954,-3.188671127317351,806.5355,821.08167
55.94479036970954,-3.188671127317351,NE,55.94500250174389,-3.1884589952829954,806.5355,819.83167
55.94500250174389,-3.1884589952829954,SE,55.94479036970954,-3.1882468632486396,806.5355,818.58167
55.94479036970954,-3.1882468632486396,W,55.94479036970954,-3.18854686324864,806.5355,817.33167
55.94479036970954,-3.18854686324864,WSW,55.94467556467983,-3.188824027108393,806.5355,816.08167
55.94467556467983,-3.188824027108393,N,55.94497556467983,-3.188824027108393,806.5355,814.83167
55.94497556467983,-3.188824027108393,NNW,55.945252728539586,-3.1889388321381027,806.5355,813.58167
55.945252728539586,-3.1889388321381027,NE,55.94546486057394,-3.188726700103747,806.5355,812.33167
55.94546486057394,-3.188726700103747,SSW,55.945187696714186,-3.1888415051334564,806.5355,811.08167
55.945187696714186,-3.1888415051334564,SSW,55.94491053285443,-3.188956310163166,806.5355,809.83167
55.94491053285443,-3.188956310163166,NNE,55.945187696714186,-3.1888415051334564,806.5355,808.58167
55.945187696714186,-3.1888415051334564,ESE,55.945072891684475,-3.188564341273703,806.5355,807.33167
55.945072891684475,-3.188564341273703,NNE,55.94535005554423,-3.1884495362439935,806.5355,806.08167
55.94535005554423,-3.1884495362439935,W,55.94535005554423,-3.1887495362439937,806.5355,804.83167
55.94535005554423,-3.1887495362439937,N,55.945650055544235,-3.1887495362439937,806.5355,803.58167
55.945650055544235,-3.1887495362439937,E,55.945650055544235,-3.1884495362439935,806.5355,802.33167
55.945650055544235,-3.1884495362439935,ENE,55.945764860573945,-3.18817237238424,806.5355,801.08167
55.945764860573945,-3.18817237238424,E,55.945764860573945,-3.18787237238424,806.5355,799.83167
55.945764860573945,-3.18787237238424,S,55.94546486057394,-3.18787237238424,806.5355,798.58167
55.94546486057394,-3.18787237238424,WNW,55.94557966560365,-3.1881495362439933,806.5355,797.33167
55.94557966560365,-3.1881495362439933,ENE,55.94569447063336,-3.18787237238424,806.5355,796.08167
55.94569447063336,-3.18787237238424,NNE,55.94597163449312,-3.1877575673545304,806.5355,794.83167
55.94597163449312,-3.1877575673545304,NE,55.946183766527476,-3.1875454353201746,806.5355,793.58167
55.946183766527476,-3.1875454353201746,SE,55.94597163449312,-3.187333303285819,838.549,803.93774
55.94597163449312,-3.187333303285819,SSE,55.94569447063336,-3.1872184982561094,838.549,802.68774
55.94569447063336,-3.1872184982561094,WNW,55.94580927566307,-3.1874956621158628,838.549,801.43774
55.94580927566307,-3.1874956621158628,ENE,55.945924080692784,-3.1872184982561094,838.549,800.18774
55.945924080692784,-3.1872184982561094,E,55.945924080692784,-3.186918498256109,838.549,798.93774
55.945924080692784,-3.186918498256109,SSE,55.94564691683303,-3.1868036932263997,838.549,797.68774
55.94564691683303,-3.1868036932263997,ENE,55.94576172186274,-3.1865265293666463,874.6523,834.2889
55.94576172186274,-3.1865265293666463,E,55.94576172186274,-3.186226529366646,874.6523,833.0389
55.94576172186274,-3.186226529366646,W,55.94576172186274,-3.1865265293666463,874.6523,831.7889
55.94576172186274,-3.1865265293666463,E,55.94576172186274,-3.186226529366646,874.6523,830.5389
55.94576172186274,-3.186226529366646,NW,55.945973853897094,-3.186438661401002,874.6523,829.2889
55.945973853897094,-3.186438661401002,SW,55.94576172186274,-3.1866507934353576,874.6523,828.0389
55.94576172186274,-3.1866507934353576,NE,55.945973853897094,-3.186438661401002,874.6523,826.7889
55.945973853897094,-3.186438661401002,SSW,55.94569669003734,-3.1865534664307114,874.6523,825.5389
55.94569669003734,-3.1865534664307114,ENE,55.94581149506705,-3.186276302570958,874.6523,824.2889
55.94581149506705,-3.186276302570958,NNE,55.946088658926804,-3.1861614975412484,874.6523,823.0389
55.946088658926804,-3.1861614975412484,SW,55.94587652689245,-3.186373629575604,874.6523,821.7889
55.94587652689245,-3.186373629575604,NNE,55.946153690752205,-3.1862588245458947,874.6523,820.5389
55.946153690752205,-3.1862588245458947,SSW,55.94587652689245,-3.186373629575604,874.6523,819.2889
55.94587652689245,-3.186373629575604,ESE,55.94576172186274,-3.186096465715851,874.6523,818.0389
55.94576172186274,-3.186096465715851,ESE,55.94564691683303,-3.1858193018560974,874.6523,816.7889
55.94564691683303,-3.1858193018560974,ENE,55.94576172186274,-3.185542137996344,874.6523,815.5389
55.94576172186274,-3.185542137996344,SSW,55.94548455800298,-3.1856569430260535,874.6523,814.2889
55.94548455800298,-3.1856569430260535,N,55.945784558002984,-3.1856569430260535,874.6523,813.0389
55.945784558002984,-3.1856569430260535,SW,55.94557242596863,-3.1858690750604093,874.6523,811.7889
55.94557242596863,-3.1858690750604093,SSE,55.94529526210887,-3.1857542700306998,874.6523,810.5389
55.94529526210887,-3.1857542700306998,S,55.94499526210887,-3.1857542700306998,874.6523,809.2889
55.94499526210887,-3.1857542700306998,WNW,55.94511006713858,-3.186031433890453,874.6523,808.0389
55.94511006713858,-3.186031433890453,N,55.94541006713858,-3.186031433890453,874.6523,806.7889
55.94541006713858,-3.186031433890453,ESE,55.94529526210887,-3.1857542700306998,874.6523,805.5389
55.94529526210887,-3.1857542700306998,SE,55.945083130074515,-3.185542137996344,874.6523,804.2889
55.945083130074515,-3.185542137996344,NW,55.94529526210887,-3.1857542700306998,874.6523,803.0389
55.94529526210887,-3.1857542700306998,SSE,55.945018098249115,-3.1856394650009903,874.6523,801.7889
55.945018098249115,-3.1856394650009903,WNW,55.945132903278825,-3.1859166288607437,874.6523,800.5389
55.945132903278825,-3.1859166288607437,NE,55.94534503531318,-3.185704496826388,874.6523,799.2889
55.94534503531318,-3.185704496826388,NNE,55.94562219917294,-3.1855896917966784,874.6523,798.0389
55.94562219917294,-3.1855896917966784,W,55.94562219917294,-3.1858896917966786,874.6523,796.7889
55.94562219917294,-3.1858896917966786,NNW,55.945899363032694,-3.186004496826388,874.6523,795.5389
55.945899363032694,-3.186004496826388,NNE,55.94617652689245,-3.1858896917966786,874.6523,794.2889
55.94617652689245,-3.1858896917966786,SSE,55.945899363032694,-3.185774886766969,874.6523,793.0389
55.945899363032694,-3.185774886766969,W,55.945899363032694,-3.1860748867669693,874.6523,791.7889
55.945899363032694,-3.1860748867669693,E,55.945899363032694,-3.185774886766969,874.6523,790.5389
55.945899363032694,-3.185774886766969,N,55.9461993630327,-3.185774886766969,874.6523,789.2889
55.9461993630327,-3.185774886766969,S,55.945899363032694,-3.185774886766969,874.6523,788.0389
55.945899363032694,-3.185774886766969,SSE,55.94562219917294,-3.1856600817372596,874.6523,786.7889
55.94562219917294,-3.1856600817372596,SW,55.94541006713858,-3.1858722137716153,874.6523,785.5389
55.94541006713858,-3.1858722137716153,SW,55.945197935104225,-3.186084345805971,874.6523,784.2889
55.945197935104225,-3.186084345805971,W,55.945197935104225,-3.1863843458059713,874.6523,783.0389
55.945197935104225,-3.1863843458059713,SW,55.94498580306987,-3.186596477840327,874.6523,781.7889
55.94498580306987,-3.186596477840327,S,55.944685803069866,-3.186596477840327,897.29956,854.12366
55.944685803069866,-3.186596477840327,NE,55.94489793510422,-3.1863843458059713,897.29956,852.87366
55.94489793510422,-3.1863843458059713,S,55.94459793510422,-3.1863843458059713,897.29956,851.62366
55.94459793510422,-3.1863843458059713,WNW,55.94471274013393,-3.1866615096657247,897.29956,850.37366
55.94471274013393,-3.1866615096657247,E,55.94471274013393,-3.1863615096657245,897.29956,849.12366
55.94471274013393,-3.1863615096657245,WSW,55.94459793510422,-3.186638673525478,897.29956,847.87366
55.94459793510422,-3.186638673525478,NNW,55.944875098963976,-3.1867534785551874,897.29956,846.62366
55.944875098963976,-3.1867534785551874,ENE,55.94498990399369,-3.186476314695434,897.29956,845.37366
55.94498990399369,-3.186476314695434,NE,55.94520203602804,-3.1862641826610782,897.29956,844.12366
55.94520203602804,-3.1862641826610782,ESE,55.94508723099833,-3.185987018801325,897.29956,842.87366
55.94508723099833,-3.185987018801325,ESE,55.94497242596862,-3.1857098549415714,897.29956,841.62366
55.94497242596862,-3.1857098549415714,NNW,55.94524958982838,-3.185824659971281,897.29956,840.37366
55.94524958982838,-3.185824659971281,WNW,55.94536439485809,-3.1861018238310344,897.29956,839.12366
55.94536439485809,-3.1861018238310344,SE,55.94515226282373,-3.1858896917966786,897.29956,837.87366
55.94515226282373,-3.1858896917966786,W,55.94515226282373,-3.1861896917966788,897.29956,836.62366
55.94515226282373,-3.1861896917966788,NNE,55.94542942668349,-3.1860748867669693,897.29956,835.37366
55.94542942668349,-3.1860748867669693,N,55.94572942668349,-3.1860748867669693,897.29956,834.12366
55.94572942668349,-3.1860748867669693,E,55.94572942668349,-3.185774886766969,897.29956,832.87366
55.94572942668349,-3.185774886766969,NNW,55.94600659054325,-3.1858896917966786,897.29956,831.62366
55.94600659054325,-3.1858896917966786,WSW,55.94589178551354,-3.186166855656432,897.29956,830.37366
55.94589178551354,-3.186166855656432,W,55.94589178551354,-3.186466855656432,897.29956,829.12366
55.94589178551354,-3.186466855656432,SSE,55.94561462165378,-3.1863520506267227,897.29956,827.87366
55.94561462165378,-3.1863520506267227,N,55.945914621653785,-3.1863520506267227,897.29956,826.62366
55.945914621653785,-3.1863520506267227,WSW,55.945799816624074,-3.186629214486476,897.29956,825.37366
55.945799816624074,-3.186629214486476,NW,55.94601194865843,-3.186841346520832,897.29956,824.12366
55.94601194865843,-3.186841346520832,WNW,55.94612675368814,-3.1871185103805852,897.29956,822.87366
55.94612675368814,-3.1871185103805852,ESE,55.94601194865843,-3.186841346520832,897.29956,821.62366
55.94601194865843,-3.186841346520832,WNW,55.94612675368814,-3.1871185103805852,897.29956,820.37366
55.94612675368814,-3.1871185103805852,WSW,55.94601194865843,-3.1873956742403386,897.29956,819.12366
55.94601194865843,-3.1873956742403386,SSE,55.945734784798674,-3.187280869210629,897.29956,817.87366
55.945734784798674,-3.187280869210629,SW,55.94552265276432,-3.187493001244985,897.29956,816.62366
55.94552265276432,-3.187493001244985,E,55.94552265276432,-3.1871930012449847,897.29956,815.37366
55.94552265276432,-3.1871930012449847,ESE,55.94540784773461,-3.1869158373852313,897.29956,814.12366
55.94540784773461,-3.1869158373852313,WSW,55.9452930427049,-3.1871930012449847,897.29956,812.87366
55.9452930427049,-3.1871930012449847,S,55.944993042704894,-3.1871930012449847,897.29956,811.62366
55.944993042704894,-3.1871930012449847,E,55.944993042704894,-3.1868930012449845,897.29956,810.37366
55.944993042704894,-3.1868930012449845,NE,55.94520517473925,-3.1866808692106288,897.29956,809.12366
55.94520517473925,-3.1866808692106288,WNW,55.94531997976896,-3.186958033070382,897.29956,807.87366
55.94531997976896,-3.186958033070382,WSW,55.94520517473925,-3.1872351969301356,897.29956,806.62366
55.94520517473925,-3.1872351969301356,WSW,55.94509036970954,-3.187512360789889,897.29956,805.37366
55.94509036970954,-3.187512360789889,W,55.94509036970954,-3.187812360789889,897.29956,804.12366
55.94509036970954,-3.187812360789889,S,55.94479036970954,-3.187812360789889,897.29956,802.87366
55.94479036970954,-3.187812360789889,SSW,55.94451320584978,-3.1879271658195987,897.29956,801.62366
55.94451320584978,-3.1879271658195987,WSW,55.94439840082007,-3.188204329679352,897.29956,800.37366
55.94439840082007,-3.188204329679352,NE,55.944610532854426,-3.1879921976449963,897.29956,799.12366
55.944610532854426,-3.1879921976449963,WNW,55.94472533788414,-3.1882693615047497,897.29956,797.87366
