55.944425,-3.188396,NNW,55.94470216385976,-3.1885108050297095,0.0,248.75
55.94470216385976,-3.1885108050297095,SSW,55.944425,-3.188625610059419,0.0,247.5
55.944425,-3.188625610059419,ESE,55.94431019497029,-3.1883484461996656,0.0,246.25
55.94431019497029,-3.1883484461996656,N,55.944610194970295,-3.1883484461996656,0.0,245.0
55.944610194970295,-3.1883484461996656,SE,55.94439806293594,-3.18813631416531,0.0,243.75
55.94439806293594,-3.18813631416531,NNW,55.944675226795695,-3.1882511191950194,0.0,242.5
55.944675226795695,-3.1882511191950194,WSW,55.944560421765985,-3.1885282830547728,0.0,241.25
55.944560421765985,-3.1885282830547728,SSW,55.94428325790623,-3.1886430880844823,0.0,240.0
55.94428325790623,-3.1886430880844823,W,55.94428325790623,-3.1889430880844825,0.0,238.75
55.94428325790623,-3.1889430880844825,E,55.94428325790623,-3.1886430880844823,0.0,237.5
55.94428325790623,-3.1886430880844823,NW,55.944495389940585,-3.188855220118838,0.0,236.25
55.944495389940585,-3.188855220118838,WNW,55.944610194970295,-3.1891323839785914,0.0,235.0
55.944610194970295,-3.1891323839785914,WSW,55.944495389940585,-3.189409547838345,0.0,233.75
55.944495389940585,-3.189409547838345,NNE,55.94477255380034,-3.1892947428086353,0.0,232.5
55.94477255380034,-3.1892947428086353,S,55.94447255380034,-3.1892947428086353,0.0,231.25
55.94447255380034,-3.1892947428086353,W,55.94447255380034,-3.1895947428086355,0.0,230.0
55.94447255380034,-3.1895947428086355,ENE,55.94458735883005,-3.189317578948882,0.0,228.75
55.94458735883005,-3.189317578948882,ENE,55.94470216385976,-3.1890404150891287,0.0,227.5
55.94470216385976,-3.1890404150891287,WSW,55.94458735883005,-3.189317578948882,0.0,226.25
55.94458735883005,-3.189317578948882,WNW,55.94470216385976,-3.1895947428086355,0.0,225.0
55.94470216385976,-3.1895947428086355,N,55.94500216385976,-3.1895947428086355,8.921497,230.8066
55.94500216385976,-3.1895947428086355,WSW,55.94488735883005,-3.189871906668389,8.921497,229.5566
55.94488735883005,-3.189871906668389,N,55.945187358830054,-3.189871906668389,8.921497,228.3066
55.945187358830054,-3.189871906668389,NNW,55.94546452268981,-3.1899867116980984,11.968004,277.18176
55.94546452268981,-3.1899867116980984,N,55.945764522689814,-3.1899867116980984,130.16855,338.42493
55.945764522689814,-3.1899867116980984,N,55.94606452268982,-3.1899867116980984,171.01031,404.7586
55.94606452268982,-3.1899867116980984,W,55.94606452268982,-3.1902867116980986,171.01031,403.5086
55.94606452268982,-3.1902867116980986,WNW,55.94617932771953,-3.190563875557852,171.01031,402.2586
55.94617932771953,-3.190563875557852,SW,55.94596719568517,-3.190776007592208,237.2655,513.7615
55.94596719568517,-3.190776007592208,WNW,55.94608200071488,-3.191053171451961,237.2655,512.5115
55.94608200071488,-3.191053171451961,SW,55.945869868680525,-3.191265303486317,349.54987,607.314
55.945869868680525,-3.191265303486317,ESE,55.945755063650815,-3.1909881396265636,349.54987,606.064
55.945755063650815,-3.1909881396265636,SE,55.94554293161646,-3.190776007592208,349.54987,604.814
55.94554293161646,-3.190776007592208,SSE,55.9452657677567,-3.1906612025624983,448.9811,608.7145
55.9452657677567,-3.1906612025624983,E,55.9452657677567,-3.190361202562498,460.32574,676.33594
55.9452657677567,-3.190361202562498,NW,55.94547789979106,-3.190573334596854,460.32574,675.08594
55.94547789979106,-3.190573334596854,WNW,55.94559270482077,-3.1908504984566073,460.32574,673.83594
55.94559270482077,-3.1908504984566073,NW,55.945804836855125,-3.191062630490963,460.32574,672.58594
55.945804836855125,-3.191062630490963,NW,55.94601696888948,-3.191274762525319,460.32574,671.33594
55.94601696888948,-3.191274762525319,SE,55.945804836855125,-3.191062630490963,460.32574,670.08594
55.945804836855125,-3.191062630490963,WNW,55.945919641884835,-3.1913397943507165,460.32574,668.83594
55.945919641884835,-3.1913397943507165,SE,55.94570750985048,-3.1911276623163607,460.32574,667.58594
55.94570750985048,-3.1911276623163607,NE,55.945919641884835,-3.190915530282005,460.32574,666.33594
55.945919641884835,-3.190915530282005,SSE,55.94564247802508,-3.1908007252522954,460.32574,665.08594
55.94564247802508,-3.1908007252522954,S,55.945342478025076,-3.1908007252522954,460.32574,663.83594
55.945342478025076,-3.1908007252522954,SSW,55.94506531416532,-3.190915530282005,528.8391,769.2748
55.94506531416532,-3.190915530282005,WSW,55.94495050913561,-3.1911926941417583,528.8391,768.0248
55.94495050913561,-3.1911926941417583,SSW,55.94467334527585,-3.191307499171468,544.00055,844.33105
55.94467334527585,-3.191307499171468,WSW,55.94455854024614,-3.1915846630312212,544.00055,843.08105
55.94455854024614,-3.1915846630312212,W,55.94455854024614,-3.1918846630312214,566.2609,844.21594
55.94455854024614,-3.1918846630312214,SW,55.944346408211786,-3.192096795065577,591.3307,900.2241
55.944346408211786,-3.192096795065577,SSE,55.94406924435203,-3.1919819900358677,631.152,904.67255
55.94406924435203,-3.1919819900358677,ESE,55.94395443932232,-3.1917048261761143,642.28937,959.39417
55.94395443932232,-3.1917048261761143,NW,55.944166571356675,-3.19191695821047,642.28937,958.14417
55.944166571356675,-3.19191695821047,ESE,55.944051766326965,-3.1916397943507167,642.28937,956.89417
55.944051766326965,-3.1916397943507167,WNW,55.944166571356675,-3.19191695821047,642.28937,955.64417
55.944166571356675,-3.19191695821047,E,55.944166571356675,-3.19161695821047,642.28937,954.39417
55.944166571356675,-3.19161695821047,NNE,55.94444373521643,-3.1915021531807604,642.28937,953.14417
55.94444373521643,-3.1915021531807604,E,55.94444373521643,-3.19120215318076,642.28937,951.89417
55.94444373521643,-3.19120215318076,SSW,55.944166571356675,-3.1913169582104697,642.28937,950.64417
55.944166571356675,-3.1913169582104697,WNW,55.944281376386385,-3.191594122070223,642.28937,949.39417
55.944281376386385,-3.191594122070223,ESE,55.944166571356675,-3.1913169582104697,642.28937,948.14417
55.944166571356675,-3.1913169582104697,NW,55.94437870339103,-3.1915290902448255,642.28937,946.89417
55.94437870339103,-3.1915290902448255,ESE,55.94426389836132,-3.191251926385072,642.28937,945.64417
55.94426389836132,-3.191251926385072,ESE,55.94414909333161,-3.1909747625253186,642.28937,944.39417
55.94414909333161,-3.1909747625253186,E,55.94414909333161,-3.1906747625253185,642.28937,943.14417
55.94414909333161,-3.1906747625253185,WSW,55.9440342883019,-3.190951926385072,642.28937,941.89417
55.9440342883019,-3.190951926385072,WNW,55.94414909333161,-3.1912290902448253,642.28937,940.64417
55.94414909333161,-3.1912290902448253,NNW,55.94442625719137,-3.1913438952745348,642.28937,939.39417
55.94442625719137,-3.1913438952745348,S,55.944126257191364,-3.1913438952745348,642.28937,938.14417
55.944126257191364,-3.1913438952745348,SW,55.94391412515701,-3.1915560273088905,642.28937,936.89417
55.94391412515701,-3.1915560273088905,SSE,55.94363696129725,-3.191441222279181,766.8085,961.51166
55.94363696129725,-3.191441222279181,NNW,55.94391412515701,-3.1915560273088905,766.8085,960.26166
55.94391412515701,-3.1915560273088905,ENE,55.94402893018672,-3.191278863449137,766.8085,959.01166
55.94402893018672,-3.191278863449137,SSE,55.94375176632696,-3.1911640584194276,766.8085,957.76166
55.94375176632696,-3.1911640584194276,E,55.94375176632696,-3.1908640584194274,766.8085,956.51166
55.94375176632696,-3.1908640584194274,W,55.94375176632696,-3.1911640584194276,766.8085,955.26166
55.94375176632696,-3.1911640584194276,NE,55.94396389836132,-3.190951926385072,766.8085,954.01166
55.94396389836132,-3.190951926385072,NNE,55.944241062221074,-3.1908371213553623,766.8085,952.76166
55.944241062221074,-3.1908371213553623,NNE,55.94451822608083,-3.190722316325653,766.8085,951.51166
55.94451822608083,-3.190722316325653,W,55.94451822608083,-3.191022316325653,766.8085,950.26166
55.94451822608083,-3.191022316325653,NW,55.94473035811519,-3.191234448360009,766.8085,949.01166
55.94473035811519,-3.191234448360009,NNE,55.945007521974944,-3.1911196433302993,766.8085,947.76166
55.945007521974944,-3.1911196433302993,WSW,55.94489271694523,-3.1913968071900527,766.8085,946.51166
55.94489271694523,-3.1913968071900527,WNW,55.945007521974944,-3.191673971049806,834.9956,1045.7655
55.945007521974944,-3.191673971049806,SSW,55.94473035811519,-3.1917887760795156,834.9956,1044.5155
55.94473035811519,-3.1917887760795156,E,55.94473035811519,-3.1914887760795154,834.9956,1043.2655
55.94473035811519,-3.1914887760795154,S,55.944430358115184,-3.1914887760795154,834.9956,1042.0155
55.944430358115184,-3.1914887760795154,NNW,55.94470752197494,-3.191603581109225,834.9956,1040.7655
55.94470752197494,-3.191603581109225,SSW,55.944430358115184,-3.1917183861389344,834.9956,1039.5155
55.944430358115184,-3.1917183861389344,SE,55.94421822608083,-3.1915062541045787,834.9956,1038.2655
55.94421822608083,-3.1915062541045787,WSW,55.94410342105112,-3.191783417964332,834.9956,1037.0155
55.94410342105112,-3.191783417964332,NE,55.944315553085474,-3.1915712859299763,834.9956,1035.7655
55.944315553085474,-3.1915712859299763,E,55.944315553085474,-3.191271285929976,834.9956,1034.5155
55.944315553085474,-3.191271285929976,NW,55.94452768511983,-3.191483417964332,834.9956,1033.2655
55.94452768511983,-3.191483417964332,W,55.94452768511983,-3.191783417964332,834.9956,1032.0155
55.94452768511983,-3.191783417964332,E,55.94452768511983,-3.191483417964332,834.9956,1030.7655
55.94452768511983,-3.191483417964332,SE,55.944315553085474,-3.191271285929976,834.9956,1029.5155
55.944315553085474,-3.191271285929976,N,55.94461555308548,-3.191271285929976,834.9956,1028.2655
55.94461555308548,-3.191271285929976,SSW,55.94433838922572,-3.1913860909596856,834.9956,1027.0155
55.94433838922572,-3.1913860909596856,SSW,55.944061225365964,-3.191500895989395,834.9956,1025.7655
55.944061225365964,-3.191500895989395,NNE,55.94433838922572,-3.1913860909596856,834.9956,1024.5155
55.94433838922572,-3.1913860909596856,W,55.94433838922572,-3.191686090959686,834.9956,1023.2655
55.94433838922572,-3.191686090959686,ENE,55.94445319425543,-3.1914089270999324,834.9956,1022.0155
55.94445319425543,-3.1914089270999324,NW,55.94466532628979,-3.191621059134288,834.9956,1020.7655
55.94466532628979,-3.191621059134288,ESE,55.944550521260076,-3.1913438952745348,834.9956,1019.5155
55.944550521260076,-3.1913438952745348,NNE,55.94482768511983,-3.1912290902448253,834.9956,1018.2655
55.94482768511983,-3.1912290902448253,S,55.94452768511983,-3.1912290902448253,834.9956,1017.0155
55.94452768511983,-3.1912290902448253,WNW,55.94464249014954,-3.1915062541045787,834.9956,1015.7655
55.94464249014954,-3.1915062541045787,WSW,55.94452768511983,-3.191783417964332,834.9956,1014.5155
55.94452768511983,-3.191783417964332,SE,55.944315553085474,-3.1915712859299763,834.9956,1013.2655
55.944315553085474,-3.1915712859299763,S,55.94401555308547,-3.1915712859299763,834.9956,1012.0155
55.94401555308547,-3.1915712859299763,SE,55.943803421051115,-3.1913591538956205,834.9956,1010.7655
55.943803421051115,-3.1913591538956205,SSE,55.94352625719136,-3.191244348865911,834.9956,1009.5155
55.94352625719136,-3.191244348865911,WNW,55.94364106222107,-3.1915215127256644,834.9956,1008.2655
55.94364106222107,-3.1915215127256644,ENE,55.94375586725078,-3.191244348865911,834.9956,1007.0155
55.94375586725078,-3.191244348865911,ENE,55.94387067228049,-3.1909671850061576,834.9956,1005.7655
55.94387067228049,-3.1909671850061576,N,55.94417067228049,-3.1909671850061576,834.9956,1004.5155
55.94417067228049,-3.1909671850061576,SE,55.943958540246136,-3.190755052971802,834.9956,1003.2655
55.943958540246136,-3.190755052971802,SE,55.94374640821178,-3.190542920937446,834.9956,1002.0155
55.94374640821178,-3.190542920937446,N,55.94404640821178,-3.190542920937446,834.9956,1000.7655
55.94404640821178,-3.190542920937446,NNW,55.94432357207154,-3.1906577259671556,834.9956,999.5155
55.94432357207154,-3.1906577259671556,SSE,55.94404640821178,-3.190542920937446,834.9956,998.2655
55.94404640821178,-3.190542920937446,SSW,55.943769244352026,-3.1906577259671556,834.9956,997.0155
55.943769244352026,-3.1906577259671556,NE,55.94398137638638,-3.1904455939328,834.9956,995.7655
55.94398137638638,-3.1904455939328,SW,55.943769244352026,-3.1906577259671556,834.9956,994.5155
55.943769244352026,-3.1906577259671556,NNW,55.94404640821178,-3.190772530996865,834.9956,993.2655
55.94404640821178,-3.190772530996865,NNE,55.94432357207154,-3.1906577259671556,834.9956,992.0155
55.94432357207154,-3.1906577259671556,N,55.94462357207154,-3.1906577259671556,834.9956,990.7655
55.94462357207154,-3.1906577259671556,S,55.94432357207154,-3.1906577259671556,834.9956,989.5155
55.94432357207154,-3.1906577259671556,SSE,55.94404640821178,-3.190542920937446,834.9956,988.2655
55.94404640821178,-3.190542920937446,SSE,55.943769244352026,-3.1904281159077366,834.9956,987.0155
55.943769244352026,-3.1904281159077366,ESE,55.943654439322316,-3.190150952047983,873.1255,1060.0973
55.943654439322316,-3.190150952047983,NE,55.94386657135667,-3.1899388200136274,873.1255,1058.8473
55.94386657135667,-3.1899388200136274,SW,55.943654439322316,-3.190150952047983,873.1255,1057.5973
55.943654439322316,-3.190150952047983,W,55.943654439322316,-3.1904509520479833,873.1255,1056.3473
55.943654439322316,-3.1904509520479833,WSW,55.943539634292605,-3.1907281159077368,873.1255,1055.0973
55.943539634292605,-3.1907281159077368,N,55.94383963429261,-3.1907281159077368,873.1255,1053.8473
55.94383963429261,-3.1907281159077368,NNW,55.944116798152365,-3.1908429209374463,873.1255,1052.5973
55.944116798152365,-3.1908429209374463,NE,55.94432893018672,-3.1906307889030905,873.1255,1051.3473
55.94432893018672,-3.1906307889030905,SSW,55.944051766326965,-3.1907455939328,873.1255,1050.0973
55.944051766326965,-3.1907455939328,SSW,55.94377460246721,-3.1908603989625095,873.1255,1048.8473
55.94377460246721,-3.1908603989625095,NNE,55.944051766326965,-3.1907455939328,873.1255,1047.5973
55.944051766326965,-3.1907455939328,ESE,55.943936961297254,-3.1904684300730466,873.1255,1046.3473
55.943936961297254,-3.1904684300730466,NNE,55.94421412515701,-3.190353625043337,873.1255,1045.0973
55.94421412515701,-3.190353625043337,W,55.94421412515701,-3.1906536250433373,873.1255,1043.8473
55.94421412515701,-3.1906536250433373,N,55.94451412515701,-3.1906536250433373,873.1255,1042.5973
55.94451412515701,-3.1906536250433373,E,55.94451412515701,-3.190353625043337,873.1255,1041.3473
55.94451412515701,-3.190353625043337,ENE,55.944628930186724,-3.1900764611835837,873.1255,1040.0973
55.944628930186724,-3.1900764611835837,E,55.944628930186724,-3.1897764611835835,873.1255,1038.8473
55.944628930186724,-3.1897764611835835,S,55.94432893018672,-3.1897764611835835,873.1255,1037.5973
55.94432893018672,-3.1897764611835835,WNW,55.94444373521643,-3.190053625043337,873.1255,1036.3473
55.94444373521643,-3.190053625043337,ENE,55.94455854024614,-3.1897764611835835,873.1255,1035.0973
55.94455854024614,-3.1897764611835835,NNE,55.9448357041059,-3.189661656153874,873.1255,1033.8473
55.9448357041059,-3.189661656153874,NE,55.945047836140255,-3.189449524119518,873.1255,1032.5973
55.945047836140255,-3.189449524119518,N,55.94534783614026,-3.189449524119518,873.1255,1031.3473
55.94534783614026,-3.189449524119518,NW,55.945559968174614,-3.189661656153874,965.6228,1136.3081
55.945559968174614,-3.189661656153874,WNW,55.945674773204324,-3.1899388200136274,965.6228,1135.0581
55.945674773204324,-3.1899388200136274,ENE,55.945789578234034,-3.189661656153874,965.6228,1133.8081
55.945789578234034,-3.189661656153874,E,55.945789578234034,-3.189361656153874,965.6228,1132.5581
55.945789578234034,-3.189361656153874,SSE,55.94551241437428,-3.1892468511241643,965.6228,1131.3081
55.94551241437428,-3.1892468511241643,ENE,55.94562721940399,-3.188969687264411,1081.8639,1149.2338
55.94562721940399,-3.188969687264411,E,55.94562721940399,-3.1886696872644107,1081.8639,1147.9838
55.94562721940399,-3.1886696872644107,W,55.94562721940399,-3.188969687264411,1081.8639,1146.7338
55.94562721940399,-3.188969687264411,E,55.94562721940399,-3.1886696872644107,1081.8639,1145.4838
55.94562721940399,-3.1886696872644107,NW,55.945839351438345,-3.1888818192987665,1081.8639,1144.2338
55.945839351438345,-3.1888818192987665,SW,55.94562721940399,-3.1890939513331222,1081.8639,1142.9838
55.94562721940399,-3.1890939513331222,NE,55.945839351438345,-3.1888818192987665,1081.8639,1141.7338
55.945839351438345,-3.1888818192987665,SSW,55.94556218757859,-3.188996624328476,1081.8639,1140.4838
55.94556218757859,-3.188996624328476,ENE,55.9456769926083,-3.1887194604687226,1081.8639,1139.2338
55.9456769926083,-3.1887194604687226,NNE,55.945954156468055,-3.188604655439013,1081.8639,1137.9838
55.945954156468055,-3.188604655439013,SW,55.9457420244337,-3.188816787473369,1081.8639,1136.7338
55.9457420244337,-3.188816787473369,NNE,55.946019188293455,-3.1887019824436593,1081.8639,1135.4838
55.946019188293455,-3.1887019824436593,NW,55.94623132032781,-3.188914114478015,1081.8639,1134.2338
55.94623132032781,-3.188914114478015,ESE,55.9461165152981,-3.1886369506182617,1081.8639,1132.9838
55.9461165152981,-3.1886369506182617,ESE,55.94600171026839,-3.1883597867585083,1081.8639,1131.7338
55.94600171026839,-3.1883597867585083,ENE,55.9461165152981,-3.188082622898755,1081.8639,1130.4838
55.9461165152981,-3.188082622898755,SSW,55.945839351438345,-3.1881974279284644,1081.8639,1129.2338
55.945839351438345,-3.1881974279284644,N,55.94613935143835,-3.1881974279284644,1081.8639,1127.9838
55.94613935143835,-3.1881974279284644,SW,55.94592721940399,-3.18840955996282,1081.8639,1126.7338
55.94592721940399,-3.18840955996282,SSE,55.945650055544235,-3.1882947549331107,1081.8639,1125.4838
55.945650055544235,-3.1882947549331107,S,55.94535005554423,-3.1882947549331107,1081.8639,1124.2338
55.94535005554423,-3.1882947549331107,WNW,55.94546486057394,-3.188571918792864,1081.8639,1122.9838
55.94546486057394,-3.188571918792864,N,55.945764860573945,-3.188571918792864,1081.8639,1121.7338
55.945764860573945,-3.188571918792864,ESE,55.945650055544235,-3.1882947549331107,1081.8639,1120.4838
55.945650055544235,-3.1882947549331107,SE,55.94543792350988,-3.188082622898755,1081.8639,1119.2338
55.94543792350988,-3.188082622898755,NW,55.945650055544235,-3.1882947549331107,1081.8639,1117.9838
55.945650055544235,-3.1882947549331107,SSE,55.94537289168448,-3.188179949903401,1081.8639,1116.7338
55.94537289168448,-3.188179949903401,WNW,55.94548769671419,-3.1884571137631545,1081.8639,1115.4838
55.94548769671419,-3.1884571137631545,NE,55.945699828748545,-3.1882449817287988,1081.8639,1114.2338
55.945699828748545,-3.1882449817287988,NNE,55.9459769926083,-3.1881301766990893,1081.8639,1112.9838
55.9459769926083,-3.1881301766990893,W,55.9459769926083,-3.1884301766990895,1081.8639,1111.7338
55.9459769926083,-3.1884301766990895,S,55.9456769926083,-3.1884301766990895,1081.8639,1110.4838
55.9456769926083,-3.1884301766990895,NNE,55.945954156468055,-3.18831537166938,1081.8639,1109.2338
55.945954156468055,-3.18831537166938,SSE,55.9456769926083,-3.1882005666396704,1081.8639,1107.9838
55.9456769926083,-3.1882005666396704,W,55.9456769926083,-3.1885005666396706,1081.8639,1106.7338
55.9456769926083,-3.1885005666396706,E,55.9456769926083,-3.1882005666396704,1081.8639,1105.4838
55.9456769926083,-3.1882005666396704,N,55.9459769926083,-3.1882005666396704,1081.8639,1104.2338
55.9459769926083,-3.1882005666396704,ENE,55.94609179763801,-3.187923402779917,1081.8639,1102.9838
55.94609179763801,-3.187923402779917,SSE,55.945814633778255,-3.1878085977502075,1081.8639,1101.7338
55.945814633778255,-3.1878085977502075,SW,55.9456025017439,-3.1880207297845633,1081.8639,1100.4838
55.9456025017439,-3.1880207297845633,SW,55.94539036970954,-3.188232861818919,1081.8639,1099.2338
55.94539036970954,-3.188232861818919,W,55.94539036970954,-3.1885328618189193,1081.8639,1097.9838
55.94539036970954,-3.1885328618189193,NE,55.9456025017439,-3.1883207297845635,1081.8639,1096.7338
55.9456025017439,-3.1883207297845635,N,55.9459025017439,-3.1883207297845635,1081.8639,1095.4838
55.9459025017439,-3.1883207297845635,NE,55.94611463377826,-3.1881085977502077,1081.8639,1094.2338
55.94611463377826,-3.1881085977502077,S,55.945814633778255,-3.1881085977502077,1081.8639,1092.9838
55.945814633778255,-3.1881085977502077,WNW,55.945929438807966,-3.188385761609961,1081.8639,1091.7338
55.945929438807966,-3.188385761609961,E,55.945929438807966,-3.188085761609961,1081.8639,1090.4838
55.945929438807966,-3.188085761609961,WSW,55.945814633778255,-3.1883629254697143,1081.8639,1089.2338
55.945814633778255,-3.1883629254697143,NNW,55.94609179763801,-3.188477730499424,1081.8639,1087.9838
55.94609179763801,-3.188477730499424,ENE,55.94620660266772,-3.1882005666396704,1081.8639,1086.7338
55.94620660266772,-3.1882005666396704,W,55.94620660266772,-3.1885005666396706,1081.8639,1085.4838
55.94620660266772,-3.1885005666396706,ESE,55.94609179763801,-3.1882234027799172,1081.8639,1084.2338
55.94609179763801,-3.1882234027799172,ESE,55.9459769926083,-3.187946238920164,1081.8639,1082.9838
55.9459769926083,-3.187946238920164,W,55.9459769926083,-3.188246238920164,1081.8639,1081.7338
55.9459769926083,-3.188246238920164,WNW,55.94609179763801,-3.1885234027799174,1081.8639,1080.4838
55.94609179763801,-3.1885234027799174,SE,55.945879665603655,-3.1883112707455616,1081.8639,1079.2338
55.945879665603655,-3.1883112707455616,W,55.945879665603655,-3.188611270745562,1081.8639,1077.9838
55.945879665603655,-3.188611270745562,NNE,55.94615682946341,-3.1884964657158523,1081.8639,1076.7338
55.94615682946341,-3.1884964657158523,SW,55.945944697429056,-3.188708597750208,1081.8639,1075.4838
55.945944697429056,-3.188708597750208,E,55.945944697429056,-3.188408597750208,1081.8639,1074.2338
55.945944697429056,-3.188408597750208,NNW,55.94622186128881,-3.1885234027799174,1081.8639,1072.9838
55.94622186128881,-3.1885234027799174,WSW,55.9461070562591,-3.188800566639671,1081.8639,1071.7338
55.9461070562591,-3.188800566639671,W,55.9461070562591,-3.189100566639671,1081.8639,1070.4838
55.9461070562591,-3.189100566639671,SSE,55.945829892399345,-3.1889857616099615,1081.8639,1069.2338
55.945829892399345,-3.1889857616099615,N,55.94612989239935,-3.1889857616099615,1081.8639,1067.9838
55.94612989239935,-3.1889857616099615,SSW,55.94585272853959,-3.189100566639671,1081.8639,1066.7338
55.94585272853959,-3.189100566639671,NNE,55.94612989239935,-3.1889857616099615,1081.8639,1065.4838
55.94612989239935,-3.1889857616099615,E,55.94612989239935,-3.1886857616099613,1081.8639,1064.2338
55.94612989239935,-3.1886857616099613,ESE,55.94601508736964,-3.188408597750208,1081.8639,1062.9838
55.94601508736964,-3.188408597750208,WNW,55.94612989239935,-3.1886857616099613,1081.8639,1061.7338
55.94612989239935,-3.1886857616099613,WSW,55.94601508736964,-3.1889629254697147,1081.8639,1060.4838
55.94601508736964,-3.1889629254697147,SSE,55.94573792350988,-3.188848120440005,1081.8639,1059.2338
55.94573792350988,-3.188848120440005,SW,55.945525791475525,-3.189060252474361,1081.8639,1057.9838
55.945525791475525,-3.189060252474361,E,55.945525791475525,-3.188760252474361,1081.8639,1056.7338
55.945525791475525,-3.188760252474361,ESE,55.945410986445815,-3.1884830886146074,1081.8639,1055.4838
55.945410986445815,-3.1884830886146074,E,55.945410986445815,-3.188183088614607,1081.8639,1054.2338
55.945410986445815,-3.188183088614607,S,55.94511098644581,-3.188183088614607,1081.8639,1052.9838
55.94511098644581,-3.188183088614607,E,55.94511098644581,-3.187883088614607,1081.8639,1051.7338
55.94511098644581,-3.187883088614607,NE,55.94532311848017,-3.1876709565802512,1081.8639,1050.4838
55.94532311848017,-3.1876709565802512,WNW,55.94543792350988,-3.1879481204400046,1081.8639,1049.2338
55.94543792350988,-3.1879481204400046,WSW,55.94532311848017,-3.188225284299758,1081.8639,1047.9838
55.94532311848017,-3.188225284299758,W,55.94532311848017,-3.1885252842997582,1081.8639,1046.7338
55.94532311848017,-3.1885252842997582,W,55.94532311848017,-3.1888252842997584,1081.8639,1045.4838
55.94532311848017,-3.1888252842997584,NE,55.945535250514524,-3.1886131522654027,1081.8639,1044.2338
55.945535250514524,-3.1886131522654027,E,55.945535250514524,-3.1883131522654025,1081.8639,1042.9838
55.945535250514524,-3.1883131522654025,WSW,55.945420445484814,-3.188590316125156,1081.8639,1041.7338
55.945420445484814,-3.188590316125156,NE,55.94563257751917,-3.1883781840908,1081.8639,1040.4838
55.94563257751917,-3.1883781840908,WNW,55.94574738254888,-3.1886553479505535,1081.8639,1039.2338
