55.944425,-3.188396,SE,55.944212867965646,-3.1881838679656442,0.0,248.75
55.944212867965646,-3.1881838679656442,NNW,55.9444900318254,-3.1882986729953537,63.77542,247.82318
55.9444900318254,-3.1882986729953537,ESE,55.94437522679569,-3.1880215091356003,63.77542,246.57318
55.94437522679569,-3.1880215091356003,N,55.944675226795695,-3.1880215091356003,63.77542,245.32318
55.944675226795695,-3.1880215091356003,SE,55.94446309476134,-3.1878093771012446,63.77542,244.07318
55.94446309476134,-3.1878093771012446,SE,55.94425096272698,-3.187597245066889,105.633255,317.43832
55.94425096272698,-3.187597245066889,SSE,55.943973798867226,-3.1874824400371793,191.34033,384.4101
55.943973798867226,-3.1874824400371793,SSW,55.94369663500747,-3.187597245066889,191.34033,383.1601
55.94369663500747,-3.187597245066889,SW,55.943484502973114,-3.1878093771012446,226.8827,439.35507
55.943484502973114,-3.1878093771012446,SSE,55.94320733911336,-3.187694572071535,226.8827,438.10507
55.94320733911336,-3.187694572071535,SE,55.942995207079,-3.1874824400371793,262.44833,478.9656
55.942995207079,-3.1874824400371793,SSW,55.942718043219244,-3.187597245066889,348.0562,483.19968
55.942718043219244,-3.187597245066889,W,55.942718043219244,-3.187897245066889,348.0562,481.94968
55.942718043219244,-3.187897245066889,NNW,55.942995207079,-3.1880120500965985,430.41144,591.0365
55.942995207079,-3.1880120500965985,S,55.942695207079,-3.1880120500965985,430.41144,589.7865
55.942695207079,-3.1880120500965985,W,55.942695207079,-3.1883120500965987,430.41144,588.5365
55.942695207079,-3.1883120500965987,ENE,55.94281001210871,-3.1880348862368453,430.41144,587.2865
55.94281001210871,-3.1880348862368453,ENE,55.94292481713842,-3.187757722377092,430.41144,586.0365
55.94292481713842,-3.187757722377092,WSW,55.94281001210871,-3.1880348862368453,430.41144,584.7865
55.94281001210871,-3.1880348862368453,WNW,55.94292481713842,-3.1883120500965987,430.41144,583.5365
55.94292481713842,-3.1883120500965987,E,55.94292481713842,-3.1880120500965985,430.41144,582.2865
55.94292481713842,-3.1880120500965985,WSW,55.94281001210871,-3.188289213956352,430.41144,581.0365
55.94281001210871,-3.188289213956352,N,55.94311001210871,-3.188289213956352,430.41144,579.7865
55.94311001210871,-3.188289213956352,E,55.94311001210871,-3.1879892139563517,430.41144,578.5365
55.94311001210871,-3.1879892139563517,NNE,55.94338717596847,-3.187874408926642,430.41144,577.2865
55.94338717596847,-3.187874408926642,SSW,55.94311001210871,-3.1879892139563517,430.41144,576.0365
55.94311001210871,-3.1879892139563517,W,55.94311001210871,-3.188289213956352,430.41144,574.7865
55.94311001210871,-3.188289213956352,WNW,55.94322481713842,-3.1885663778161053,430.41144,573.5365
55.94322481713842,-3.1885663778161053,WNW,55.94333962216813,-3.1888435416758587,430.41144,572.2865
55.94333962216813,-3.1888435416758587,NNE,55.94361678602789,-3.188728736646149,523.9183,677.7433
55.94361678602789,-3.188728736646149,N,55.94391678602789,-3.188728736646149,616.07623,790.1357
55.94391678602789,-3.188728736646149,ESE,55.94380198099818,-3.188451572786396,616.07623,788.8857
55.94380198099818,-3.188451572786396,SE,55.943589848963825,-3.18823944075204,616.07623,787.6357
55.943589848963825,-3.18823944075204,NNE,55.94386701282358,-3.1881246357223305,616.07623,786.3857
55.94386701282358,-3.1881246357223305,SE,55.943654880789225,-3.1879125036879747,616.07623,785.1357
55.943654880789225,-3.1879125036879747,NW,55.94386701282358,-3.1881246357223305,616.07623,783.8857
55.94386701282358,-3.1881246357223305,WNW,55.94398181785329,-3.188401799582084,616.07623,782.6357
55.94398181785329,-3.188401799582084,NW,55.94419394988765,-3.1886139316164397,616.07623,781.3857
55.94419394988765,-3.1886139316164397,NW,55.944406081922004,-3.1888260636507955,616.07623,780.1357
55.944406081922004,-3.1888260636507955,NNW,55.94468324578176,-3.188940868680505,723.95764,804.1509
55.94468324578176,-3.188940868680505,WNW,55.94479805081147,-3.1892180325402584,723.95764,802.9009
55.94479805081147,-3.1892180325402584,NW,55.94501018284583,-3.189430164574614,723.95764,801.6509
55.94501018284583,-3.189430164574614,NE,55.94522231488018,-3.1892180325402584,723.95764,800.4009
55.94522231488018,-3.1892180325402584,E,55.94522231488018,-3.188918032540258,723.95764,799.1509
55.94522231488018,-3.188918032540258,WNW,55.945337119909894,-3.1891951964000116,723.95764,797.9009
55.945337119909894,-3.1891951964000116,ENE,55.945451924939604,-3.188918032540258,723.95764,796.6509
55.945451924939604,-3.188918032540258,WSW,55.945337119909894,-3.1891951964000116,723.95764,795.4009
55.945337119909894,-3.1891951964000116,WSW,55.94522231488018,-3.189472360259765,723.95764,794.1509
55.94522231488018,-3.189472360259765,WSW,55.94510750985047,-3.1897495241195184,723.95764,792.9009
55.94510750985047,-3.1897495241195184,SSW,55.94483034599072,-3.189864329149228,753.2059,802.5197
55.94483034599072,-3.189864329149228,SSE,55.94455318213096,-3.1897495241195184,753.2059,801.2697
55.94455318213096,-3.1897495241195184,NE,55.944765314165316,-3.1895373920851626,753.2059,800.0197
55.944765314165316,-3.1895373920851626,E,55.944765314165316,-3.1892373920851624,753.2059,798.7697
55.944765314165316,-3.1892373920851624,NW,55.94497744619967,-3.189449524119518,753.2059,797.5197
55.94497744619967,-3.189449524119518,ESE,55.94486264116996,-3.189172360259765,753.2059,796.2697
55.94486264116996,-3.189172360259765,WNW,55.94497744619967,-3.189449524119518,753.2059,795.0197
55.94497744619967,-3.189449524119518,N,55.945277446199675,-3.189449524119518,753.2059,793.7697
55.945277446199675,-3.189449524119518,NNE,55.94555461005943,-3.1893347190898087,753.2059,792.5197
55.94555461005943,-3.1893347190898087,E,55.94555461005943,-3.1890347190898085,753.2059,791.2697
55.94555461005943,-3.1890347190898085,SSW,55.945277446199675,-3.189149524119518,753.2059,790.0197
55.945277446199675,-3.189149524119518,WNW,55.945392251229386,-3.1894266879792714,753.2059,788.7697
55.945392251229386,-3.1894266879792714,ESE,55.945277446199675,-3.189149524119518,753.2059,787.5197
55.945277446199675,-3.189149524119518,NW,55.94548957823403,-3.189361656153874,753.2059,786.2697
55.94548957823403,-3.189361656153874,ESE,55.94537477320432,-3.1890844922941204,753.2059,785.0197
55.94537477320432,-3.1890844922941204,ESE,55.94525996817461,-3.188807328434367,753.2059,783.7697
55.94525996817461,-3.188807328434367,NW,55.94547210020897,-3.1890194604687228,753.2059,782.5197
55.94547210020897,-3.1890194604687228,WSW,55.94535729517926,-3.189296624328476,753.2059,781.2697
55.94535729517926,-3.189296624328476,WNW,55.94547210020897,-3.1895737881882296,753.2059,780.0197
55.94547210020897,-3.1895737881882296,NNW,55.94574926406872,-3.189688593217939,753.2059,778.7697
55.94574926406872,-3.189688593217939,NNW,55.94602642792848,-3.1898033982476486,854.9264,895.32135
55.94602642792848,-3.1898033982476486,SW,55.945814295894124,-3.1900155302820044,854.9264,894.07135
55.945814295894124,-3.1900155302820044,S,55.94551429589412,-3.1900155302820044,854.9264,892.82135
55.94551429589412,-3.1900155302820044,NNW,55.94579145975388,-3.190130335311714,854.9264,891.57135
55.94579145975388,-3.190130335311714,ENE,55.94590626478359,-3.1898531714519605,854.9264,890.32135
55.94590626478359,-3.1898531714519605,SSE,55.94562910092383,-3.189738366422251,854.9264,889.07135
55.94562910092383,-3.189738366422251,E,55.94562910092383,-3.1894383664222508,854.9264,887.82135
55.94562910092383,-3.1894383664222508,W,55.94562910092383,-3.189738366422251,854.9264,886.57135
55.94562910092383,-3.189738366422251,NE,55.94584123295819,-3.189526234387895,854.9264,885.32135
55.94584123295819,-3.189526234387895,NNE,55.946118396817944,-3.1894114293581857,854.9264,884.07135
55.946118396817944,-3.1894114293581857,SSW,55.94584123295819,-3.189526234387895,854.9264,882.82135
55.94584123295819,-3.189526234387895,W,55.94584123295819,-3.1898262343878954,854.9264,881.57135
55.94584123295819,-3.1898262343878954,NW,55.946053364992544,-3.190038366422251,854.9264,880.32135
55.946053364992544,-3.190038366422251,SW,55.94584123295819,-3.190250498456607,854.9264,879.07135
55.94584123295819,-3.190250498456607,WSW,55.94572642792848,-3.1905276623163603,854.9264,877.82135
55.94572642792848,-3.1905276623163603,SSW,55.94544926406872,-3.19064246734607,877.0162,911.395
55.94544926406872,-3.19064246734607,SSW,55.945172100208964,-3.1907572723757793,877.0162,910.145
55.945172100208964,-3.1907572723757793,W,55.945172100208964,-3.1910572723757795,883.4248,1028.0404
55.945172100208964,-3.1910572723757795,S,55.94487210020896,-3.1910572723757795,883.4248,1026.7904
55.94487210020896,-3.1910572723757795,SE,55.944659968174605,-3.1908451403414237,956.22943,1027.611
55.944659968174605,-3.1908451403414237,ENE,55.944774773204315,-3.1905679764816703,1062.07,1134.4448
55.944774773204315,-3.1905679764816703,SE,55.94456264116996,-3.1903558444473146,1062.07,1133.1948
55.94456264116996,-3.1903558444473146,WSW,55.94444783614025,-3.190633008307068,1062.07,1131.9448
55.94444783614025,-3.190633008307068,WSW,55.94433303111054,-3.1909101721668214,1062.07,1130.6948
55.94433303111054,-3.1909101721668214,E,55.94433303111054,-3.190610172166821,1062.07,1129.4448
55.94433303111054,-3.190610172166821,SSE,55.94405586725078,-3.1904953671371117,1071.5605,1177.8973
55.94405586725078,-3.1904953671371117,W,55.94405586725078,-3.190795367137112,1071.5605,1176.6473
55.94405586725078,-3.190795367137112,E,55.94405586725078,-3.1904953671371117,1071.5605,1175.3973
55.94405586725078,-3.1904953671371117,SE,55.943843735216426,-3.190283235102756,1071.5605,1174.1473
55.943843735216426,-3.190283235102756,N,55.94414373521643,-3.190283235102756,1071.5605,1172.8973
55.94414373521643,-3.190283235102756,SSW,55.94386657135667,-3.1903980401324654,1071.5605,1171.6473
55.94386657135667,-3.1903980401324654,SSW,55.943589407496916,-3.190512845162175,1071.5605,1170.3973
55.943589407496916,-3.190512845162175,NNE,55.94386657135667,-3.1903980401324654,1071.5605,1169.1473
55.94386657135667,-3.1903980401324654,W,55.94386657135667,-3.1906980401324656,1071.5605,1167.8973
55.94386657135667,-3.1906980401324656,ENE,55.94398137638638,-3.190420876272712,1071.5605,1166.6473
55.94398137638638,-3.190420876272712,NW,55.94419350842074,-3.190633008307068,1071.5605,1165.3973
55.94419350842074,-3.190633008307068,ESE,55.94407870339103,-3.1903558444473146,1071.5605,1164.1473
55.94407870339103,-3.1903558444473146,NNE,55.944355867250785,-3.190241039417605,1071.5605,1162.8973
55.944355867250785,-3.190241039417605,S,55.94405586725078,-3.190241039417605,1071.5605,1161.6473
55.94405586725078,-3.190241039417605,WNW,55.94417067228049,-3.1905182032773585,1071.5605,1160.3973
55.94417067228049,-3.1905182032773585,WSW,55.94405586725078,-3.190795367137112,1071.5605,1159.1473
55.94405586725078,-3.190795367137112,SSW,55.943778703391025,-3.1909101721668214,1071.5605,1157.8973
55.943778703391025,-3.1909101721668214,S,55.94347870339102,-3.1909101721668214,1071.5605,1156.6473
55.94347870339102,-3.1909101721668214,SE,55.943266571356666,-3.1906980401324656,1071.5605,1155.3973
55.943266571356666,-3.1906980401324656,SSE,55.94298940749691,-3.190583235102756,1071.5605,1154.1473
55.94298940749691,-3.190583235102756,SE,55.942777275462554,-3.1903711030684003,1086.5969,1206.2966
55.942777275462554,-3.1903711030684003,ENE,55.942892080492264,-3.190093939208647,1086.5969,1205.0466
55.942892080492264,-3.190093939208647,ENE,55.943006885521974,-3.1898167753488935,1086.5969,1203.7966
55.943006885521974,-3.1898167753488935,N,55.94330688552198,-3.1898167753488935,1086.5969,1202.5466
55.94330688552198,-3.1898167753488935,NNW,55.943584049381734,-3.189931580378603,1155.1147,1221.5007
55.943584049381734,-3.189931580378603,SE,55.94337191734738,-3.1897194483442473,1155.1147,1220.2507
55.94337191734738,-3.1897194483442473,N,55.94367191734738,-3.1897194483442473,1155.1147,1219.0007
55.94367191734738,-3.1897194483442473,E,55.94367191734738,-3.189419448344247,1155.1147,1217.7507
55.94367191734738,-3.189419448344247,SSE,55.943394753487624,-3.1893046433145376,1155.1147,1216.5007
55.943394753487624,-3.1893046433145376,SSW,55.94311758962787,-3.189419448344247,1155.1147,1215.2507
55.94311758962787,-3.189419448344247,NE,55.943329721662224,-3.1892073163098913,1155.1147,1214.0007
55.943329721662224,-3.1892073163098913,SW,55.94311758962787,-3.189419448344247,1155.1147,1212.7507
55.94311758962787,-3.189419448344247,NNW,55.943394753487624,-3.1895342533739566,1155.1147,1211.5007
55.943394753487624,-3.1895342533739566,NNE,55.94367191734738,-3.189419448344247,1155.1147,1210.2507
55.94367191734738,-3.189419448344247,N,55.94397191734738,-3.189419448344247,1155.1147,1209.0007
55.94397191734738,-3.189419448344247,S,55.94367191734738,-3.189419448344247,1155.1147,1207.7507
55.94367191734738,-3.189419448344247,SSE,55.943394753487624,-3.1893046433145376,1155.1147,1206.5007
55.943394753487624,-3.1893046433145376,SSE,55.94311758962787,-3.189189838284828,1155.1147,1205.2507
55.94311758962787,-3.189189838284828,E,55.94311758962787,-3.188889838284828,1155.1147,1204.0007
55.94311758962787,-3.188889838284828,NE,55.943329721662224,-3.188677706250472,1155.1147,1202.7507
55.943329721662224,-3.188677706250472,SE,55.94311758962787,-3.1884655742161163,1155.1147,1201.5007
55.94311758962787,-3.1884655742161163,W,55.94311758962787,-3.1887655742161165,1155.1147,1200.2507
55.94311758962787,-3.1887655742161165,WSW,55.94300278459816,-3.18904273807587,1155.1147,1199.0007
55.94300278459816,-3.18904273807587,N,55.94330278459816,-3.18904273807587,1155.1147,1197.7507
55.94330278459816,-3.18904273807587,NNW,55.943579948457916,-3.1891575431055794,1155.1147,1196.5007
55.943579948457916,-3.1891575431055794,NE,55.94379208049227,-3.1889454110712236,1155.1147,1195.2507
55.94379208049227,-3.1889454110712236,SSW,55.943514916632516,-3.189060216100933,1155.1147,1194.0007
55.943514916632516,-3.189060216100933,SSW,55.94323775277276,-3.1891750211306427,1155.1147,1192.7507
55.94323775277276,-3.1891750211306427,NNE,55.943514916632516,-3.189060216100933,1155.1147,1191.5007
55.943514916632516,-3.189060216100933,ESE,55.943400111602806,-3.1887830522411797,1155.1147,1190.2507
55.943400111602806,-3.1887830522411797,NNE,55.94367727546256,-3.1886682472114702,1155.1147,1189.0007
55.94367727546256,-3.1886682472114702,W,55.94367727546256,-3.1889682472114704,1155.1147,1187.7507
55.94367727546256,-3.1889682472114704,N,55.943977275462565,-3.1889682472114704,1155.1147,1186.5007
55.943977275462565,-3.1889682472114704,E,55.943977275462565,-3.1886682472114702,1155.1147,1185.2507
55.943977275462565,-3.1886682472114702,ENE,55.944092080492275,-3.188391083351717,1155.1147,1184.0007
55.944092080492275,-3.188391083351717,E,55.944092080492275,-3.1880910833517166,1155.1147,1182.7507
55.944092080492275,-3.1880910833517166,S,55.94379208049227,-3.1880910833517166,1155.1147,1181.5007
55.94379208049227,-3.1880910833517166,WNW,55.94390688552198,-3.18836824721147,1155.1147,1180.2507
55.94390688552198,-3.18836824721147,ENE,55.94402169055169,-3.1880910833517166,1155.1147,1179.0007
55.94402169055169,-3.1880910833517166,NNE,55.94429885441145,-3.187976278322007,1155.1147,1177.7507
55.94429885441145,-3.187976278322007,NE,55.944510986445806,-3.1877641462876514,1155.1147,1176.5007
55.944510986445806,-3.1877641462876514,N,55.94481098644581,-3.1877641462876514,1155.1147,1175.2507
55.94481098644581,-3.1877641462876514,SSE,55.94453382258605,-3.187649341257942,1155.1147,1174.0007
55.94453382258605,-3.187649341257942,WNW,55.94464862761576,-3.1879265051176953,1155.1147,1172.7507
55.94464862761576,-3.1879265051176953,ENE,55.94476343264547,-3.187649341257942,1155.1147,1171.5007
55.94476343264547,-3.187649341257942,E,55.94476343264547,-3.1873493412579417,1155.1147,1170.2507
55.94476343264547,-3.1873493412579417,E,55.94476343264547,-3.1870493412579415,1250.093,1218.8693
55.94476343264547,-3.1870493412579415,NNE,55.94504059650523,-3.186934536228232,1250.093,1217.6193
55.94504059650523,-3.186934536228232,E,55.94504059650523,-3.186634536228232,1250.093,1216.3693
55.94504059650523,-3.186634536228232,W,55.94504059650523,-3.186934536228232,1250.093,1215.1193
55.94504059650523,-3.186934536228232,E,55.94504059650523,-3.186634536228232,1250.093,1213.8693
55.94504059650523,-3.186634536228232,NW,55.945252728539586,-3.1868466682625876,1250.093,1212.6193
55.945252728539586,-3.1868466682625876,SW,55.94504059650523,-3.1870588002969433,1250.093,1211.3693
55.94504059650523,-3.1870588002969433,NE,55.945252728539586,-3.1868466682625876,1250.093,1210.1193
55.945252728539586,-3.1868466682625876,SSW,55.94497556467983,-3.186961473292297,1250.093,1208.8693
55.94497556467983,-3.186961473292297,ENE,55.94509036970954,-3.1866843094325437,1250.093,1207.6193
55.94509036970954,-3.1866843094325437,NNE,55.945367533569296,-3.186569504402834,1250.093,1206.3693
55.945367533569296,-3.186569504402834,SW,55.94515540153494,-3.18678163643719,1250.093,1205.1193
55.94515540153494,-3.18678163643719,NNE,55.9454325653947,-3.1866668314074804,1250.093,1203.8693
55.9454325653947,-3.1866668314074804,NE,55.94564469742905,-3.1864546993731246,1250.093,1202.6193
55.94564469742905,-3.1864546993731246,ESE,55.94552989239934,-3.1861775355133712,1250.093,1201.3693
55.94552989239934,-3.1861775355133712,ESE,55.94541508736963,-3.185900371653618,1250.093,1200.1193
55.94541508736963,-3.185900371653618,ENE,55.94552989239934,-3.1856232077938644,1250.093,1198.8693
55.94552989239934,-3.1856232077938644,NNE,55.9458070562591,-3.185508402764155,1323.6978,1221.6464
55.9458070562591,-3.185508402764155,SE,55.94559492422474,-3.185296270729799,1393.0703,1281.7767
55.94559492422474,-3.185296270729799,SW,55.94538279219039,-3.185508402764155,1393.0703,1280.5267
55.94538279219039,-3.185508402764155,SSE,55.94510562833063,-3.1853935977344454,1393.0703,1279.2767
55.94510562833063,-3.1853935977344454,S,55.94480562833063,-3.1853935977344454,1393.0703,1278.0267
55.94480562833063,-3.1853935977344454,SW,55.94459349629627,-3.185605729768801,1414.2861,1292.8639
55.94459349629627,-3.185605729768801,N,55.944893496296274,-3.185605729768801,1414.2861,1291.6139
55.944893496296274,-3.185605729768801,ESE,55.94477869126656,-3.185328565909048,1414.2861,1290.3639
55.94477869126656,-3.185328565909048,SE,55.94456655923221,-3.185116433874692,1414.2861,1289.1139
55.94456655923221,-3.185116433874692,NW,55.94477869126656,-3.185328565909048,1414.2861,1287.8639
55.94477869126656,-3.185328565909048,SSE,55.94450152740681,-3.1852137608793383,1414.2861,1286.6139
55.94450152740681,-3.1852137608793383,WNW,55.94461633243652,-3.1854909247390917,1414.2861,1285.3639
55.94461633243652,-3.1854909247390917,NE,55.94482846447087,-3.185278792704736,1414.2861,1284.1139
55.94482846447087,-3.185278792704736,NNE,55.94510562833063,-3.1851639876750264,1414.2861,1282.8639
55.94510562833063,-3.1851639876750264,W,55.94510562833063,-3.1854639876750266,1414.2861,1281.6139
55.94510562833063,-3.1854639876750266,NNW,55.94538279219039,-3.185578792704736,1414.2861,1280.3639
55.94538279219039,-3.185578792704736,NNE,55.94565995605014,-3.1854639876750266,1414.2861,1279.1139
55.94565995605014,-3.1854639876750266,SSE,55.94538279219039,-3.185349182645317,1414.2861,1277.8639
55.94538279219039,-3.185349182645317,W,55.94538279219039,-3.1856491826453173,1414.2861,1276.6139
55.94538279219039,-3.1856491826453173,E,55.94538279219039,-3.185349182645317,1414.2861,1275.3639
55.94538279219039,-3.185349182645317,N,55.94568279219039,-3.185349182645317,1414.2861,1274.1139
55.94568279219039,-3.185349182645317,NNE,55.945959956050146,-3.1852343776156076,1414.2861,1272.8639
55.945959956050146,-3.1852343776156076,SSE,55.94568279219039,-3.185119572585898,1414.2861,1271.6139
55.94568279219039,-3.185119572585898,SW,55.94547066015603,-3.185331704620254,1414.2861,1270.3639
55.94547066015603,-3.185331704620254,SW,55.94525852812168,-3.1855438366546096,1414.2861,1269.1139
55.94525852812168,-3.1855438366546096,W,55.94525852812168,-3.18584383665461,1414.2861,1267.8639
55.94525852812168,-3.18584383665461,SW,55.94504639608732,-3.1860559686889656,1414.2861,1266.6139
55.94504639608732,-3.1860559686889656,N,55.945346396087324,-3.1860559686889656,1414.2861,1265.3639
55.945346396087324,-3.1860559686889656,NE,55.94555852812168,-3.18584383665461,1414.2861,1264.1139
55.94555852812168,-3.18584383665461,S,55.94525852812168,-3.18584383665461,1414.2861,1262.8639
55.94525852812168,-3.18584383665461,WNW,55.94537333315139,-3.186121000514363,1414.2861,1261.6139
55.94537333315139,-3.186121000514363,E,55.94537333315139,-3.185821000514363,1414.2861,1260.3639
55.94537333315139,-3.185821000514363,WSW,55.94525852812168,-3.1860981643741164,1414.2861,1259.1139
55.94525852812168,-3.1860981643741164,NNW,55.94553569198143,-3.186212969403826,1414.2861,1257.8639
55.94553569198143,-3.186212969403826,ENE,55.945650497011144,-3.1859358055440725,1414.2861,1256.6139
55.945650497011144,-3.1859358055440725,NE,55.9458626290455,-3.1857236735097167,1414.2861,1255.3639
55.9458626290455,-3.1857236735097167,ESE,55.94574782401579,-3.1854465096499633,1414.2861,1254.1139
55.94574782401579,-3.1854465096499633,ESE,55.94563301898608,-3.18516934579021,1414.2861,1252.8639
55.94563301898608,-3.18516934579021,NNW,55.945910182845836,-3.1852841508199194,1414.2861,1251.6139
55.945910182845836,-3.1852841508199194,WNW,55.946024987875546,-3.185561314679673,1414.2861,1250.3639
55.946024987875546,-3.185561314679673,SE,55.94581285584119,-3.185349182645317,1414.2861,1249.1139
55.94581285584119,-3.185349182645317,W,55.94581285584119,-3.1856491826453173,1414.2861,1247.8639
55.94581285584119,-3.1856491826453173,NNE,55.94609001970095,-3.1855343776156078,1414.2861,1246.6139
55.94609001970095,-3.1855343776156078,SW,55.94587788766659,-3.1857465096499635,1414.2861,1245.3639
55.94587788766659,-3.1857465096499635,E,55.94587788766659,-3.1854465096499633,1414.2861,1244.1139
55.94587788766659,-3.1854465096499633,NNW,55.94615505152635,-3.185561314679673,1414.2861,1242.8639
55.94615505152635,-3.185561314679673,WSW,55.946040246496636,-3.1858384785394263,1414.2861,1241.6139
55.946040246496636,-3.1858384785394263,W,55.946040246496636,-3.1861384785394264,1414.2861,1240.3639
55.946040246496636,-3.1861384785394264,SSE,55.94576308263688,-3.186023673509717,1414.2861,1239.1139
55.94576308263688,-3.186023673509717,N,55.94606308263688,-3.186023673509717,1414.2861,1237.8639
55.94606308263688,-3.186023673509717,WSW,55.94594827760717,-3.1863008373694703,1414.2861,1236.6139
55.94594827760717,-3.1863008373694703,NW,55.94616040964153,-3.186512969403826,1414.2861,1235.3639
55.94616040964153,-3.186512969403826,E,55.94616040964153,-3.186212969403826,1414.2861,1234.1139
55.94616040964153,-3.186212969403826,ESE,55.94604560461182,-3.1859358055440725,1414.2861,1232.8639
55.94604560461182,-3.1859358055440725,WNW,55.94616040964153,-3.186212969403826,1414.2861,1231.6139
55.94616040964153,-3.186212969403826,WSW,55.94604560461182,-3.1864901332635793,1414.2861,1230.3639
55.94604560461182,-3.1864901332635793,SSE,55.94576844075206,-3.18637532823387,1414.2861,1229.1139
55.94576844075206,-3.18637532823387,SW,55.945556308717705,-3.1865874602682256,1414.2861,1227.8639
55.945556308717705,-3.1865874602682256,E,55.945556308717705,-3.1862874602682254,1414.2861,1226.6139
55.945556308717705,-3.1862874602682254,ESE,55.945441503687995,-3.186010296408472,1414.2861,1225.3639
55.945441503687995,-3.186010296408472,WSW,55.945326698658285,-3.1862874602682254,1414.2861,1224.1139
55.945326698658285,-3.1862874602682254,S,55.94502669865828,-3.1862874602682254,1414.2861,1222.8639
55.94502669865828,-3.1862874602682254,E,55.94502669865828,-3.185987460268225,1414.2861,1221.6139
55.94502669865828,-3.185987460268225,NE,55.94523883069264,-3.1857753282338694,1414.2861,1220.3639
55.94523883069264,-3.1857753282338694,WNW,55.94535363572235,-3.186052492093623,1414.2861,1219.1139
55.94535363572235,-3.186052492093623,WSW,55.94523883069264,-3.1863296559533762,1414.2861,1217.8639
55.94523883069264,-3.1863296559533762,WSW,55.94512402566293,-3.1866068198131297,1414.2861,1216.6139
55.94512402566293,-3.1866068198131297,W,55.94512402566293,-3.18690681981313,1414.2861,1215.3639
55.94512402566293,-3.18690681981313,S,55.944824025662925,-3.18690681981313,1414.2861,1214.1139
55.944824025662925,-3.18690681981313,SSW,55.94454686180317,-3.1870216248428394,1414.2861,1212.8639
55.94454686180317,-3.1870216248428394,WSW,55.94443205677346,-3.1872987887025928,1414.2861,1211.6139
55.94443205677346,-3.1872987887025928,NE,55.944644188807814,-3.187086656668237,1414.2861,1210.3639
55.944644188807814,-3.187086656668237,WNW,55.944758993837524,-3.1873638205279904,1414.2861,1209.1139
